13,13, 14, 15, 23, 24, 25, 26, 29, 30, 10, 11, 12, 27, 28
2,16, 17, 18, 4, 5, 6, 23, 24, 25, 26, 7, 8, 9, 27, 28
9,13, 14, 15, 29, 30, 27, 28, 16, 17, 18, 7, 8, 9
12,7, 8, 9, 23, 24, 25, 26, 29, 30, 4, 5, 6, 16, 17, 18
1,1, 2, 3, 7, 8, 9, 19, 20, 21, 22, 23, 24, 25, 26, 16, 17, 18
4,1, 2, 3, 7, 8, 9, 4, 5, 6, 16, 17, 18, 19, 20, 21, 22
5,1, 2, 3, 10, 11, 12, 19, 20, 21, 22, 16, 17, 18, 23, 24, 25, 26
15,19, 20, 21, 22, 27, 28, 7, 8, 9, 1, 2, 3, 10, 11, 12
7,19, 20, 21, 22, 13, 14, 15, 10, 11, 12, 23, 24, 25, 26, 29, 30
11,1, 2, 3, 29, 30, 10, 11, 12, 7, 8, 9, 23, 24, 25, 26
14,4, 5, 6, 10, 11, 12, 1, 2, 3, 23, 24, 25, 26, 13, 14, 15
6,10, 11, 12, 4, 5, 6, 23, 24, 25, 26, 1, 2, 3, 13, 14, 15
8,4, 5, 6, 1, 2, 3, 13, 14, 15, 29, 30, 10, 11, 12
3,13, 14, 15, 23, 24, 25, 26, 1, 2, 3, 7, 8, 9, 29, 30
10,1, 2, 3, 10, 11, 12, 16, 17, 18, 4, 5, 6, 29, 30
25,16, 17, 18, 29, 30, 13, 14, 15, 23, 24, 25, 26, 7, 8, 9
29,27, 28, 4, 5, 6, 19, 20, 21, 22, 13, 14, 15, 23, 24, 25, 26
45,23, 24, 25, 26, 27, 28, 19, 20, 21, 22, 4, 5, 6, 7, 8, 9